(14, 175)
(14, 25)
(24, 25)
(24, 15)
(174, 15)
(174, 175)
(24, 175)
(24, 25)
(164, 25)
(164, 165)
(34, 165)
(34, 45)
(54, 45)
(54, 35)
(154, 35)
(154, 155)
(94, 155)
(94, 135)
(54, 135)
(54, 155)
(44, 155)
(44, 55)
(64, 55)
(64, 45)
(144, 45)
(144, 145)
(104, 145)
(104, 125)
(54, 125)
(54, 65)
(74, 65)
(74, 55)
(134, 55)
(134, 135)
(114, 135)
(114, 115)
(64, 115)
(64, 75)
(84, 75)
(84, 65)
(124, 65)
(124, 125)
(114, 125)
(114, 105)
(74, 105)
(74, 85)
(94, 85)
(94, 75)
(114, 75)
(114, 95)
(84, 95)
(84, 85)
(104, 85)
(104, 165)
(64, 165)
(64, 175)